9385763922681117522182149722974449573524917961841293484522756347736422171529626352165566516963349137
6238525338939131285296881937268531167443437286332389856263512449351618987535762544229915798857261147
6415438911669819747146639876484136488419861399454117953964152948325392924836945979894771474493648892
2721911519763265654881395822374476896938894385976789288767942917126669471169518717221619716827373443
8781568568721566358612755898374657527376296696479483486341971335454264934394623455591138721655411779
9295126126526174939296342977888114334787964512381572775216168814649218137244956618272791131897495591
6186383323272485193111282933846562637679374485282751914571174367493712442887727435153888692681179591
8539239974972884711225316687924719369153194631958975743447889651346891666765119885124219221776178847
6949373151523969716377417876766733754167199127369272473659799955855751612881478636114726227653512626
4268512138879678727153989178139581359128667315448643791554376431281563474214428198434154819792665695
6544151813549778238735568521686879124412928271659928264543272928949235561961187687639594437284252166
6147931336424664314453742972652169961188447329224125497473795393877214313387777842983418891673687992
7486575825763777496584273524234717323681716763546251843759136331226295943189128451428638212358235469
5136358742156184184246812282863394587554868851594666119371569665426549129974711628311387823734838784
9372115363537266497366145176842169137836924976363666457557519138711768352973864158424277725829381498
5529835933287916359551686176817485995519461979931175581563845212287289112849869784383275561661526222
5613328922511648635688632767122682954587179228932415382544474755185466257518285549234762936191315294
6886426313495866925229845769632766953452234294942836318139927864524889511741578352527212384572392944
9172495141867919477887218656758599767876765451411164628474713162196837772431167451185783583569556392
2251438931156351553677974484592625482293454171457344238469156588967256898695782427851134152491679145
2548429831136481233351859946412924419567172676669694972551638943996232435982293491232894558891256119
2761438619959654551643983546372842385725772223317343137393382494962533483458822673551977354135669962
3649944237831819637243473393494674915741725871144674744392143981855987937617571792346527877557762799
9596353258379989434269965317524636999527258585547865938316317135158514884219863859823146357898683129
2759275673383194482889169654713521255578818146134555677851394766878239269841641944581294331265922262
1911191618879584628842117516334512863181599788396397466654619999559118353535816122422724552488817372
2656954423418144549163736257362976545283442775722917465298898997826165618564599874268855824475473438
9253284452514998531411683232713784879393145472932651299326582159379545672189931332958579833347997465
2278629779292435847127839692363494816277679495464929479893644826364171488859677917942679845323268151
7159999637312187991588627881439232224596713843227251819157321716897989364196172382829297929282544723
2455752182258822146541991191975525963665144167864397848571388875235549375759758954147645218263518773
8855855642181273594192763942932469887823877289696166182937443678241214776338166119934643674297545486
6833575562527768258399923795334249318968925948677796872652598553862524777985232178168782441212571488
8197679679433547456487495864349592183899264312914529283185878837676688268446536573534522995977875713
4513914797764123449184189833835586889863625116832334578595384637749517836472316337993413619631767128
7182329928569124226218328219845517364999487593214456344287259297489437885483655659976811684924552128
1369269211243993469116556769252947722191132239267749192817349516976126151155769994287588743159932519
8311296574191657314337257374431415983642439384752129348885139618665822914266564241526711594197163356
4461525968237936665943261983224667684587129316761467298413527459117824177165312845683324761261258445
4526347598595318977997511813687275541185632128128882981626947554599435167985188277146366111637265442
2778932233335843537999994272936362243141166823192971831181419888987358621772647866914229611211521493
8994321948839659239631891858527768288836294453673947554997591319461829858162285459419671571639437842
8265255215732298637613412715355857191384998631353428939585883558139551892863476886416871423772994627
1985257881265139442976261164448316167416456618613713736599927439853517597954263538519356679264354977
7184782366646757969735581266412916457147616977253826462277897761833527336479977484318737993491416528
5377289781992734476749433396988249159976283764168219882481191139299262558627838137921736489147377393
4285673588761389254745694321138133816828357133664116321999713758566586336435756396664514889527175864
4895173838957882819272586188867487131515155656184775517484169347375469321493376987611844795691135827
9299168148179977779384161138959788983836257874514125513426561779431219343563648716399979118229965116
2378221854213287566443466222122176288636967134434112648946491577251899948331948474553682816617324379
4647951466956783412751512129931893696151357717926197123947373619382432234522428392882213519432318893
8625311128453373162777986392718139311755662636449591797813252949832722463387655714311591182832622391
5514696869987122174459166911877194322897412872457985549411961168797891925777413224989675273338382536
6554275362685836376842796931413925873994899359382416336848267729724737577737847299352723167932272893
3511558782986543577988425757742556114346846777669642962675947429429837652556195352142435933899569639
2171175137172569146557824474426595758477342787425862426888317485741595562442435497946977476558681686
9427179921857247498594761987477977222248691969365957611484221847367645691618534377793921476677346571
2414385331864252487645826854773629929786759729963676833615161886232652333473498352174635912259344688
8737297347464327964561518999411452942652561523153652199518965837813639866366511267967611326289572314
6263572132398143748789494477381292147651256214884313983727582853154484982326745638437827474961342436
6159543576392744643289986842454418619388222577239415893587864651895188949462458767542954259343138688
4197623911553226212233753826647485896813398854932548436467276268446484637344529572631282632266116423
5936522886957324649673848983243163397819876895184255361268924816978397438824449688679881937133743258
3515192225253633893248115119452912979997611286328482296324381815176187791724336622869645541768595858
5585454163279162523186178465998574486765945736293691586385581814343111599954385857117763692516928638
6495951962963981528573291648354657638256312717525656114983883225774193698547442954925115597754922517
3722912367748947771857775334955959711443721766947145645127162873332626123344765777368182834538225772
7291418772827838693696978664129645763674995836655258257972787174271897886569573352497482277253233598
3149641735271976386591285496382819741478299672517715641118274962779811369922223763288572658248949271
7543535715465318766742493887268721689446864133534453346595254487153945986681814484181152788951233751
7527769188922923982215153189281244169754244986147561475792211612336355525834352223983132548699648299
7176828919662772953794911785957437889363141328822764796345436636734384538849727877513158885569583646
6871876454163473256133141873276525237345716196194361635765381499162679481686183538763458285814397869
9978774313833412655321243521754374588141622942452282788314478355216368121993142583273482425878633381
8883287218699432812298849451989394664935233287931695161722771118981732267766425443819924366448294835
8877524558933748264195959236979978593925563843962291724593261675494834176426546113737617133981629836
9761133534426367493468755135289797155219574643491325561436236477566782776447832613921171691161673496
5344412569222661578549117766983274197548679814764698385687351488242999376468966227469856944955458833
9737185862553587785136334324535322788432734323735162218767788858361252193229547525595391485148169283
1214167831757319432877579556899221415813676164992799477883734371743296792225667323995871343371237326
8488379264153486646881746788688492457154735681136566621151358414862572267917915446877645363596771334
4987296134774262453548737919342511486457873495496943727191552592742542715237883754375384423697245852
8281188342261129874723822313695749566247814149474928672893876867263564879863193613753471872847384314
1168341978352391399355645747866299353768555569548492289549175725156313382176344794444739859878696279
1155454265817592294722244542814111843875228917599394538619525385172211388237493113771241969552585727
3116626596381743424543832179668786896523147117848328217182811262119222336133129835526911358823934682
7639453685792214461932131688482847428474479261266438613951282327114777481469871145568241788361154579
7714187191694253443342282832117814419448353678791786593724596777817134926953258158681692143211276237
3752719162492526965885485245639468278232814453768783957845254245897563719439543455437993931347317597
8632796747124462747593758828822761363958573888761314753252299467467428584388694296682739233213489171
5919563638725697248785146486322676348671176818775253233434917652182649767542522823767817747257297838
6299341454288274842884649646862174778624215154728718556398986747339753752879445221496245737486152729
3779833792338654177659756519673933761556771373697825712488766938656136294936661667768323358587168743
7731634518559467294117862371629545693948919866925639656971346786449623646926455928659384246621271581
8572994173381793417727813557534119552477497544443722777151333923891545347954656814642275368938131819
2363897316644264646457843392665239942552893397947638373167921527286772658585768962287311835987875532
8175337915489485611712424181692896356425942181931251953511628755543753441264368775991376246928788454
4924582787993213922267928683783485658797326464251673558317469843341987158398117167343116133826776547
4668776519143887629864462486399253677256847974363416156996344559732968812489463238225962538773278298
9597553996612182259646575396631122395657594954996488958866629264517994639844147635631378185635564562
